4.666667 7.851851 8.761317 9.417925 10.046436 10.671825 11.296870 11.921875 12.546875 13.171875 13.796875 14.421875 15.046875 15.671875 16.296875 16.921875 17.546875 18.171875 18.796875 12.755208 
14.946503 22.469593 24.388966 25.401627 26.281979 27.144125 28.003855 28.863274 29.722656 30.582031 31.441406 32.300781 33.160156 34.019531 34.878906 35.738281 36.597656 37.457031 37.575665 25.014194 
26.601788 39.378540 42.515415 43.843109 44.852314 45.809143 46.757824 47.705288 48.652580 49.599854 50.547119 51.494385 52.441650 53.388916 54.336182 55.283447 56.230713 57.095676 56.460285 37.227795 
38.664482 57.017803 61.528320 63.193237 64.299759 65.302116 66.286041 67.266861 68.247177 69.227417 70.207642 71.187866 72.168091 73.148315 74.128540 75.108765 76.079849 76.874054 75.406425 49.454945 
50.853588 74.896027 80.848373 82.874413 84.074394 85.106918 86.106880 87.100777 88.093582 89.086205 90.078789 91.071381 92.063965 93.056549 94.049126 95.040695 96.011490 96.707977 94.382599 61.693771 
63.083294 92.853477 100.274696 102.674652 103.970039 105.028687 106.038139 107.037704 108.035370 109.032661 110.029892 111.027115 112.024330 113.021553 114.018661 115.013336 115.974823 116.564102 113.372047 73.938713 
75.326309 110.837532 119.737823 122.517471 123.910103 124.994110 126.010956 127.013580 128.013260 129.012344 130.011337 131.010300 132.009247 133.008194 134.006866 135.001526 135.950409 136.429031 132.367111 86.186432 
87.573761 128.830612 139.213715 142.375458 143.866348 144.975723 145.999374 147.004120 148.004822 149.004639 150.004288 151.003906 152.003510 153.003098 154.002197 154.995667 155.930740 156.297470 151.364441 98.435333 
99.822708 146.826752 158.694061 162.238831 163.828476 164.963318 165.993607 167.000214 168.001526 169.001694 170.001617 171.001480 172.001328 173.001129 174.000229 174.992096 175.912888 176.167297 170.362732 110.684723 
112.072166 164.823959 178.175964 182.104141 183.792755 184.953125 185.990036 186.998367 188.000183 189.000549 190.000595 191.000565 192.000488 193.000351 193.999313 194.989395 195.895737 196.037628 189.361389 122.934311 
124.321793 182.821533 197.658386 201.970139 203.757797 204.943741 205.987244 206.997314 207.999588 209.000107 210.000198 211.000198 212.000183 213.000046 213.998795 214.987030 215.878860 215.908173 208.360168 135.183990 
136.571472 200.819244 217.141037 221.836365 223.723114 224.934647 225.984772 226.996536 227.999298 228.999893 230.000061 231.000076 232.000061 232.999893 233.998428 234.984787 235.862091 235.778809 227.359024 147.433685 
148.821198 218.816986 236.623749 241.702698 243.688538 244.925674 245.982391 246.995880 247.999084 248.999817 249.999969 251.000000 252.000000 252.999817 253.998108 254.982605 255.845383 255.649475 246.357880 159.683411 
161.070908 236.814774 256.106476 261.569061 263.653992 264.916718 265.980103 266.995270 267.998901 268.999756 269.999939 271.000000 271.999969 272.999786 273.997833 274.980438 275.828674 275.520142 265.356781 171.933121 
173.320633 254.812531 275.589203 281.435425 283.619476 284.907837 285.977753 286.994690 287.998718 288.999695 289.999939 290.999969 291.999969 292.999725 293.997528 294.978271 295.811951 295.390839 284.355652 184.182831 
185.570358 272.810303 295.071930 301.301788 303.584961 304.898895 305.975464 306.994049 307.998596 308.999664 309.999908 310.999969 311.999939 312.999664 313.997223 314.976135 315.795258 315.261505 303.354553 196.432556 
197.820068 290.808075 314.554688 321.168152 323.550415 324.889984 325.973145 326.993469 327.998413 328.999634 329.999878 330.999969 331.999939 332.999634 333.996948 334.973969 335.778534 335.132202 322.353424 208.682281 
210.069794 308.805847 334.037445 341.034515 343.515900 344.881042 345.970856 346.992889 347.998260 348.999573 349.999878 350.999969 351.999939 352.999634 353.996704 354.971802 355.761841 355.002869 341.352295 220.931992 
222.319519 326.803619 353.520142 360.900879 363.481354 364.872131 365.968567 366.992310 367.998108 368.999542 369.999878 370.999939 371.999939 372.999603 373.996429 374.969635 375.745117 374.873566 360.351196 233.181717 
145.569244 201.245834 223.052277 229.772736 232.003006 233.036133 233.763245 234.413574 235.044846 235.671387 236.296738 236.921814 237.546814 238.171417 238.793030 239.389343 239.775284 238.416122 222.646942 135.019974 
