26
26
26
26
0	25	22	34	19	
1	18	27	26	25	
2	15	29	25	26	
3	22	24	34	34	
4	18	31	29	31	
5	22	40	33	27	
6	18	32	35	21	
7	20	33	29	22	
8	21	25	34	29	
9	27	28	29	31	
10	17	29	27	29	
11	22	31	36	28	
12	28	27	37	25	
13	36	32	39	34	
14	44	41	29	28	
15	47	32	39	21	
16	6	30	48	20	
17	3	29	5	19	
18	6	33	15	21	
19	16	38	6	12	
20	6	36	48	11	
21	3	45	7	17	
22	49	50	17	23	
23	8	44	15	20	
24	18	47	17	14	
25	22	45	11	23	
26	30	41	1	28	
27	25	44	11	37	
28	21	48	2	42	
29	11	43	7	37	
30	3	37	3	30	
31	13	43	48	32	
32	10	51	45	28	
33	2	41	44	19	
34	3	40	45	20	
35	13	39	51	12	
36	11	46	3	2	
37	14	45	45	45	
38	7	3	46	46	
39	9	50	39	2	
40	1	4	33	6	
41	6	10	28	9	
42	9	19	22	4	
43	19	14	18	10	
44	20	18	24	2	
45	27	23	27	43	
46	29	26	30	41	
47	23	20	29	39	
48	14	15	26	35	
49	22	13	19	26	
